002475
002241
300433
002938
601231
002600
000725
000100
300088
002841
002456
002273
000049
603160
002138
688981
688396
002371
688012
688200
603986
603501
300661
688008
002049
600703
300782
603893
300474
002402
002180
603068
600745
603290
300623
300373
002409
300316
300236
600584
002185
002156
603005
688018
688111
600588
600570
300348
300033
002410
688777
600845
300383
603019
300496
688158
603881
300454
002439
601360
300253
300271
688088
300773
000063
002916
002463
600183
002396
300308
300502
002281
300394
300638
300136
300628
688027
688036
300750
002594
300014
300207
601799
002812
603659
300037
688390
300450
002050
600563
600741
002920
603920
600438
601012
002459
300724
300751
603185
300274
300763
601865
603806
688599
000591
601222
002202
601615
603218
600406
603195
601877
600885
600580
600276
600196
300558
603259
300347
300759
603127
002821
300122
300142
300601
603392
600161
002007
000661
603087
002001
600436
000538
000963
000513
000739
603520
603233
300760
300003
688016
002901
300326
300015
300595
688050
600763
002690
300896
688363
603882
300676
603658
300832
300482
300529
300888
002223
603605
600315
603983
600519
000858
000568
600600
600132
603288
600872
603317
603027
600305
300999
600298
603517
603345
002216
002507
002557
000895
600887
002946
002157
002714
000333
000651
600690
002032
002508
002677
688169
603486
002705
002242
002959
000921
603355
002614
603833
603816
002572
603208
300144
601888
002555
603444
002624
002602
300413
300792
300770
603899
002607
300788
000768
600760
600038
600316
002389
600893
000738
000547
002179
002013
600118
601698
002151
002465
300455
688586
002683
000519
002414
688002
688788
300034
300777
300699
300395
603678
603267
300726
600036
000001
601318
601601
601336
600030
300059
000002
600031
000338
601100
603638
000157
603338
000425
002353
300124
002747
600585
600801
002271
000786
002372
002601
002145
601636
000012
600176
002080
600547
601899
603993
600362
002460
603799
300618
600111
300748
600309
600352
603737
300285
688106
600346
002008
688188
002415
002352
600900
000708
601919
000723
002511
600009
600486
000902
603129
600143
300012
